4294967294,0
4294967278,82
4294967278,73
4294967278,81
4294967278,80
4294967278,243
4294967279,243
4294967279,240
4294967279,238
4294967279,239
4294967279,236
4294967279,234
46,4
4294967279,411
4294967279,0
4294967278,231
4294967279,230
4294967279,225
4294967279,222
4294967278,78
4294967278,72
4294967278,67
4294967278,64
4294967279,61
4294967279,58
4294967279,49
4294967279,48
4294967279,221
4294967278,219
4294967279,218
4294967279,217
4294967278,215
4294967294,471
4294967279,385
4294967278,347
4294967279,213
46,5
4294967294,1177
43,4
4294967294,1102
4294967294,68
4294967294,11
4294967279,428
4294967279,319
4294967279,209
4294967279,318
0,5
4294967294,7
4294967294,6
4294967294,22
4294967294,17
4294967294,42
4294967294,67
4294967294,1359
4294967294,25
4294967294,26
4294967294,83
4294967279,208
4294967293,131
4294967293,130
4294967293,129
4294967293,128
4294967293,127
4294967293,126
4294967293,125
4294967293,124
4294967293,123
4294967293,122
4294967293,121
4294967293,120
4294967293,119
4294967293,118
4294967293,117
4294967293,116
4294967293,115
4294967293,114
4294967293,113
4294967293,112
4294967293,111
4294967293,110
4294967293,109
4294967293,108
4294967293,107
4294967293,106
4294967293,105
4294967293,104
4294967293,103
4294967293,102
4294967293,101
4294967293,100
4294967293,99
4294967293,98
4294967293,97
4294967293,96
4294967293,95
4294967293,94
4294967293,93
4294967293,92
4294967293,91
4294967293,90
4294967293,89
4294967293,87
4294967293,86
4294967293,85
4294967293,84
4294967293,83
4294967293,82
4294967293,81
4294967293,80
4294967293,79
4294967293,78
4294967293,77
4294967293,76
4294967293,75
4294967293,74
4294967293,73
4294967293,72
4294967293,71
4294967293,70
4294967293,69
4294967293,68
4294967293,67
4294967293,66
4294967293,65
4294967293,64
4294967293,63
4294967293,62
4294967293,61
4294967293,60
4294967293,59
4294967293,58
4294967293,57
4294967293,56
4294967293,55
4294967293,54
4294967293,53
4294967293,52
4294967293,51
4294967293,50
4294967293,49
4294967293,48
4294967293,47
4294967293,46
4294967293,45
4294967293,44
4294967293,43
4294967293,42
4294967293,41
4294967293,40
4294967293,39
4294967293,38
4294967293,37
4294967293,36
4294967293,35
4294967293,34
4294967293,33
4294967293,32
4294967293,31
4294967293,30
4294967293,29
4294967293,28
4294967293,27
4294967293,26
4294967293,25
4294967293,24
4294967293,23
4294967293,22
4294967293,21
4294967293,20
4294967293,19
4294967293,18
4294967293,17
4294967293,16
4294967293,15
4294967293,14
4294967293,13
4294967293,12
4294967293,11
4294967293,10
4294967293,9
4294967293,8
4294967293,7
4294967293,6
4294967293,5
4294967293,4
4294967293,3
4294967278,24
4294967278,20
4294967278,18
4294967278,16
4294967278,15
4294967278,14
4294967278,13
4294967278,10
4294967278,8
4294967278,7
4294967278,6
4294967278,5
4294967278,4
4294967279,131
4294967279,130
4294967279,129
4294967279,128
4294967279,126
4294967279,125
4294967279,123
4294967279,120
4294967279,118
4294967279,117
4294967279,116
4294967279,115
4294967279,114
4294967279,113
4294967279,112
4294967279,111
4294967279,110
4294967279,229
4294967279,109
4294967279,227
4294967279,108
4294967279,107
4294967279,223
4294967279,106
4294967279,105
4294967279,104
4294967279,103
4294967279,102
4294967279,101
4294967279,100
4294967279,99
4294967279,98
4294967279,97
4294967279,96
4294967279,95
4294967279,92
4294967279,91
4294967279,86
4294967279,85
4294967279,84
4294967279,83
4294967279,81
4294967279,80
4294967279,79
4294967279,76
4294967279,75
4294967279,93
4294967279,94
4294967279,408
4294967278,310
4294967279,316
4294967279,205
4294967278,345
4294967279,442
4294967279,90
4294967278,363
4294967279,89
4294967279,407
4294967278,344
4294967279,87
4294967279,406
4294967279,200
4294967279,199
4294967279,198
4294967278,196
4294967279,197
4294967279,82
4294967279,313
4294967279,195
4294967279,194
4294967279,77
4294967294,1023
4294967279,191
4294967279,78
4294967279,427
77,5
4294967279,190
4294967279,189
77,4
77,3
77,2
77,1
4294967279,188
4294967279,187
4294967278,299
4294967279,307
4294967279,441
4294967278,267
76,4
76,3
76,2
76,1
4294967279,401
4294967278,340
4294967279,177
4294967279,175
4294967279,173
4294967278,171
4294967278,170
4294967279,171
4294967278,169
4294967278,168
4294967278,167
4294967279,422
4294967279,301
4294967278,164
4294967278,337
4294967279,300
4294967278,163
4294967279,164
4294967278,162
4294967278,161
4294967294,1361
4294967294,1360
4294967278,291
4294967279,158
4294967278,158
4294967279,157
4294967278,157
4294967278,154
4294967279,416
4294967278,336
4294967278,338
4294967278,150
4294967279,150
4294967278,149
4294967278,148
4294967278,146
4294967278,145
4294967278,144
4294967278,142
4294967278,141
4294967278,331
4294967294,1003
4294967294,162
4294967294,1088
